$ANSIBLE_VAULT;1.1;AES256
61363138393230306539313361303232623736326238636661613237396238333262633535366263
6438306438343365383831323230663765623032306164330a396134303865356337623630643535
32643838343334633630626637656437333066653033633862376136333837646330663361633564
6562646662613232640a356433393132303862303938333833633339653539396561363431396266
30383261663532336163333962633463326236343938376135303239666533333263666330313531
36363263343534653963616438383439396466663033633330333137613931333836303963643133
62636130346164663366623930366565303432393662653834613938636534626638353365383639
66343237663636373666363237626438666434386334303231363063353435383137316434643162
63613163616237623031663034393437353764616239333536653439306636643231343932326265
30303036616634306163326432313936613230616436343530646435333662343838303330346562
32626561663831313239393830326462376531323430343265666139656438346230643461366130
62343933336431623261623433313763316331326535663161333365666666363065343562383464
33386161343639353564623865316162623862316664353634313264623738623738323161323139
66643463333563323265383338323737636562363131343865373236373030633238346337663930
30613639666539393632636334363266333836616665646165613132363463343339353531376331
36633161623433356639336562623438356230616231346132373634386164393738313833393939
65383932633333306361313530363333626632366431333632363564393139613434313331393662
63333432393361326662386561656366313835656265313431353562656534363337643631346239
62633965633038626439636533303636653262306536633364303533306337633930623663616237
37323262346237373838313437306161373731336630613535613338616438373231313465316461
35313965383366393136363636366335373238663364393566666532343264626530373536343337
36363439626463623339376634336331313634393063376431326630393366316264646431303330
61653236333563613838356330323130663735653766393431353237646634386135343934656261
35643232363761393637353837366639366137303532346635373539313437633135353665383835
37326333623137396263393732666661363265396634353761393737613532636139393765313564
66396637353935643038356239356361313738333038336265666664646634643433383461393637
34636634663337633131623230333062366565363337663435393430373436633330306662616264
65306564346434633661343636663562636563313032643633316135663461616461633330643031
34646538356664356663613034393361623066383763383735376235376363386638366233363831
37653031383262353837613238303639376465313035623562373361353836356461393265386230
65336462303963333734366665366130393734326337613166653036303261336365633564336162
34333165366165363163333438653764393137313361346362373836386335353363363562313362
38333233396666363761643132643438653966623661666565653238663735396561306531643661
31313364376666393534393332376632666130343062633632663064316234646566633639396436
65643738636563383330363934376565646564643435346361383336356463633732363237363732
30663330616635653031636238623937306663616432396633326237383936363033383430396563
62623930363436316164663836653466666163646339336132323439393963316332636138663036
36626665616637383863633465326534663563623936636666313362393835643338343835386263
61633261356339373937303635613466346138343030626134393965323831393362333563623735
35303335666433613436363865663766363035316331656237616437313261636238376166623534
61613162633266366135386136363732323761303839343430666530353564396234383361303033
61363165343935363063663330666536336261653130313339646338656134366237636265613965
39393063373664313863313865303439333034616633333361343661343936376234313532336436
31306434303063623837316338383137313337633437636233616532636532666466366263343366
36663263643536326534656564383732316665326263656231323239666239336163343663656136
32383564313632613635336561396330333964346363386138333531623566336134613432623234
61623566633136613237336265623139363065643861643436613363326339663931303163656539
31666336656264396362653962666535623861633966626463346361643137633438333331663366
63646261313236623362363561643636653939306463333565623066343161323337366332373538
30393637643361666266326338303633633965393737663665316335346536356339626165653939
65303738653533373032396437313162633835613562646630366265343536346535633336623961
37376565373166386632336461616465623930376136383336313239303766343237663665633034
37343231373232643161383531616534613535376230623039343132626332633635383564323664
65636463396531386163393363663832613830646331313538613239353038363464353037633161
62326533383066343465326431643937303337626132303365663933643035663236653935333235
32383235393165656336393430303462393632353232646266623863333236376662306439633263
35663365373963363431663638316662623966363636323064356365396435373961636463666265
34303763316430353464376333303962643632663838393161363637353236393234303430376137
32393734316434373861323964656637376436323638343365646666393262636264363838323931
37313161666232326533383035343433623363383239343831373539383330643232313062626135
39336133323239373530323035343730636536643233633761356362613737316231363963306439
37393765663636636163613036333164633832343332376636623038356636663033643936383264
32336137333239303961393336663433363430626162646664366263316536383061343062356239
62336664363166313437383966666139646266376639366136613063386265303231393831633939
34323461356265303363633830623232383532316330323838346363396336316636393331623234
62383733386636363162633762373634373232663138396230333862616233326436666630393437
36313536353762323561316336643761313136656461366434633265353835646335393733646364
31643838663035383663623230366430656337636637613764663831393832313230376639306331
64623839333137353438323731633334616434316464663133366265363865346536323262326535
36373535306562366537346131313465613832633236626235323963653539396262613263646566
31666366363639373535643562323462313037303230393733303966616339633735633730633935
62656332386630656536363763343336313832373535353365393635633336666433373666333337
62326537393036353836666637323432316332623539353833356430343531613531393737306234
34306334633332396432396634653266636364363562303232376139303930353234303436366563
31343030356338633639343466383830313262323762353564666663393934623362346633306335
65303465326162623031333263303234396365356232346464316230333465313232373631303131
64366635633866613233333539303363663731666531306566333337616139333261633637363062
64643134626339616361386630303031326438373761636334366337396534303135656465616666
37313265383765666533386138356636356461363535613231633232393866303239646238363336
35376538653434333033643231633432646364616433623437633939663537636465643062356466
35383964333261646439393231316131393435373132346338616430613433343437633563643764
65376661373732653137393236323332626565396463326662643263323239316364373332396261
64646438353365633063343134306432353933383436393061343437393061393738333539316162
63646538313736616666653736643361323565306365393938376233303835663863326138623934
63643661306365323736343035326433336139363061303637616539386466366161383634636336
35353932613861643230663634383062323634333861333830383161363461373265333335636664
38666134623365653632623936383732643663373664636131313836663261663464306535373739
62366563623835643431
